1.1175
-1.486
1.2458
1.425
0.49667
-0.16321
1.5975
-0.12628
0.62315
-0.9791
1.1436
1.4303
-1.2102
-0.51725
1.0619
0.055421
1.5978
0.54291
-0.64376
0.13364
-1.0489
2.0734
1.1098
1.1635
-0.011805
0.82356
0.062436
-0.98973
1.5094
0.094405
-1.2441
-2.0706
-1.3488
-0.11524
0.76416
-0.81812
0.79662
1.1148
0.35653
-1.0815
1.4911
-0.74205
0.86172
-0.89447
-0.74047
0.59557
0.97365
-2.2305
0.87839
0.38645
0.94173
0.54709
1.8871
-1.2646
1.8804
1.9435
0.28659
-1.9127
0.26357
-1.9107
-0.77288
-0.14518
1.6889
0.65389
0.5123
0.060861
2.5809
-1.3914
-0.031505
-0.83858
0.83102
0.50989
1.1821
0.1951
0.85753
-0.013781
0.2772
0.0093635
-0.38643
-0.73472
0.63538
-0.86126
0.93982
1.6923
1.9058
-0.30045
0.32675
1.263
-0.98235
1.4169
1.4296
-0.11634
1.445
-1.5183
-0.27594
-2.5324
2.027
-2.1159
0.83589
0.8329
