-6.0642
-0.52632
-4.2238
-7.5764
-6.2402
-1.5051
3.9995
0.65545
1.4318
2.8291
0.57673
-1.7756
-1.6936
-6.878
2.5632
-0.13813
0.28213
-11.046
-2.9725
-0.67703
-5.6512
0.87401
-5.8853
0.80264
1.3573
1.4135
2.3621
0.73294
2.8551
0.71192
-11.377
3.5238
4.8998
-8.0965
-6.2452
-4.1881
-0.92657
-2.8224
-0.73664
5.2882
-1.6564
-4.3105
0.29565
0.63836
-0.50292
-7.2297
-6.5156
-0.72145
-2.5828
-1.2307
-4.8604
-0.20905
0.19957
0.18248
-2.6885
3.124
-2.5591
-1.4588
-2.742
0.64448
-0.93125
-0.10559
0.35567
0.51644
2.5292
-2.5418
-2.0973
-0.63254
-1.6794
-6.5684
-9.4001
1.6587
4.3681
-4.9594
0.45526
4.3701
-3.133
-1.1366
-0.18408
1.7538
-6.8516
-1.2317
1.714
-0.62304
-7.6178
-6.754
-0.21029
-2.2234
-0.59458
0.43365
2.3808
-1.7222
0.41224
3.4679
2.3418
-6.4825
2.263
3.0536
2.7274
0.57216
