0.21217
-0.34777
0.70273
0.61733
0.60393
0.506
0.67287
0.39457
0.5691
-0.3477
0.7199
0.9075
-0.5232
0.27992
0.63503
0.29737
0.68557
0.25193
-0.217
0.19353
-0.3344
0.65193
0.16777
0.57737
-0.15414
0.058247
0.3881
0.45657
-0.92727
-0.20166
0.38457
-0.5959
-0.5206
0.354
0.16906
-0.12526
0.18379
0.11189
0.4078
-0.16257
-0.041477
0.38347
-0.04252
-0.48333
-0.5415
0.25791
0.5218
1.2252
0.25801
-0.71857
0.8268
-0.86257
0.46003
-0.47947
0.07284
0.74297
0.01524
-0.66043
0.26362
-0.28012
-0.77567
0.41043
0.70683
-0.2321
0.163
0.44967
-0.029854
1.118
-0.16993
-0.21727
0.43643
-0.09986
0.53507
-0.73723
-0.9549
0.07065
0.59863
0.14918
-0.078813
-0.58173
0.42437
-0.22816
0.75563
0.0046813
-0.06026
1.1223
0.61473
0.745
1.2161
0.70023
0.5999
0.22237
-0.85503
-0.28985
0.29233
-0.51127
0.8716
-0.47677
0.10553
0.04494
